

Difference Distribution table for S-Box 1
Output Difference
    0  1  2  3  4  5  6  7  8  9  A  B  C  D  E  F
__________________________________________________
0 | 16 0  0  0  0  0  0  0  0  0  0  0  0  0  0  0 
1 | 0  0  0  0  0  0  4  0  0  0  8  4  0  0  0  0 
2 | 0  0  0  4  4  4  0  0  0  0  0  0  0  0  0  4 
3 | 0  0  0  0  0  4  0  0  0  4  0  0  0  0  4  4 
4 | 0  0  4  0  0  0  0  0  4  4  0  0  0  0  4  0 
5 | 0  0  4  4  4  0  0  0  4  0  0  0  0  0  0  0 
6 | 0  0  0  0  0  0  0  0  0  0  0  0  0  16 0  0 
7 | 0  0  0  0  0  0  4  8  0  0  0  4  0  0  0  0 
8 | 0  0  0  0  4  0  0  0  4  0  0  0  0  0  4  4 
9 | 0  0  4  0  4  4  0  0  0  0  0  0  0  0  4  0 
A | 0  4  0  0  0  0  0  0  0  0  0  8  4  0  0  0 
B | 0  8  0  0  0  0  0  4  0  0  4  0  0  0  0  0 
C | 0  4  0  0  0  0  8  0  0  0  0  0  4  0  0  0 
D | 0  0  0  0  0  0  0  4  0  0  4  0  8  0  0  0 
E | 0  0  4  4  0  4  0  0  0  4  0  0  0  0  0  0 
F | 0  0  0  4  0  0  0  0  4  4  0  0  0  0  0  4 


Difference Distribution table for S-Box 2
Output Difference
    0  1  2  3  4  5  6  7  8  9  A  B  C  D  E  F
__________________________________________________
0 | 16 0  0  0  0  0  0  0  0  0  0  0  0  0  0  0 
1 | 0  4  0  0  4  0  0  0  0  0  0  0  0  0  8  0 
2 | 0  0  0  0  0  16 0  0  0  0  0  0  0  0  0  0 
3 | 0  4  0  0  4  0  0  0  0  0  0  8  0  0  0  0 
4 | 0  0  0  0  0  0  8  0  0  4  0  0  4  0  0  0 
5 | 0  0  4  0  0  0  0  4  8  0  0  0  0  0  0  0 
6 | 0  0  0  8  0  0  0  0  0  4  0  0  4  0  0  0 
7 | 0  0  4  0  0  0  0  4  0  0  0  0  0  8  0  0 
8 | 0  0  0  0  0  0  0  8  4  0  0  0  0  4  0  0 
9 | 0  0  0  4  0  0  4  0  0  8  0  0  0  0  0  0 
A | 0  0  8  0  0  0  0  0  4  0  0  0  0  4  0  0 
B | 0  0  0  4  0  0  4  0  0  0  0  0  8  0  0  0 
C | 0  8  0  0  0  0  0  0  0  0  0  4  0  0  4  0 
D | 0  0  0  0  0  0  0  0  0  0  4  0  0  0  0  12
E | 0  0  0  0  8  0  0  0  0  0  0  4  0  0  4  0 
F | 0  0  0  0  0  0  0  0  0  0  12 0  0  0  0  4 


Difference Distribution table for S-Box 3
Output Difference
    0  1  2  3  4  5  6  7  8  9  A  B  C  D  E  F
__________________________________________________
0 | 16 0  0  0  0  0  0  0  0  0  0  0  0  0  0  0 
1 | 0  0  0  0  0  2  0  2  0  0  6  2  2  0  0  2 
2 | 0  0  0  2  0  0  2  0  0  4  2  0  2  2  2  0 
3 | 0  2  0  4  2  0  4  0  0  2  0  0  2  0  0  0 
4 | 0  0  0  2  0  0  2  0  0  2  2  2  2  0  2  2 
5 | 0  2  0  0  2  4  4  0  0  2  0  0  2  0  0  0 
6 | 0  0  0  4  0  6  0  2  0  0  0  0  0  2  0  2 
7 | 0  0  0  0  0  0  0  0  4  2  2  0  2  0  0  6 
8 | 0  0  0  0  0  2  0  2  0  2  0  2  0  8  0  0 
9 | 0  2  4  0  0  0  0  6  2  0  0  0  0  0  2  0 
A | 0  2  0  2  4  0  2  2  2  0  0  2  0  0  0  0 
B | 0  2  0  0  2  0  0  0  0  0  0  2  2  2  4  2 
C | 0  2  2  2  2  0  2  2  0  0  0  2  0  0  2  0 
D | 0  2  2  0  0  0  0  0  2  2  0  4  2  0  2  0 
E | 0  0  2  0  2  0  0  0  6  0  4  0  0  0  2  0 
F | 0  2  6  0  2  2  0  0  0  0  0  0  0  2  0  2 


Difference Distribution table for S-Box 4
Output Difference
    0  1  2  3  4  5  6  7  8  9  A  B  C  D  E  F
__________________________________________________
0 | 16 0  0  0  0  0  0  0  0  0  0  0  0  0  0  0 
1 | 0  0  0  0  0  4  4  4  0  4  0  0  0  0  0  0 
2 | 0  0  0  4  0  0  0  0  4  4  0  0  0  0  0  4 
3 | 0  0  0  0  0  0  4  0  0  0  4  0  0  0  4  4 
4 | 0  0  4  0  4  4  0  0  0  0  0  0  0  0  4  0 
5 | 0  0  4  4  0  0  0  4  0  0  0  4  0  0  0  0 
6 | 0  0  0  0  0  0  0  0  0  0  0  0  0  16 0  0 
7 | 0  0  0  0  4  0  0  0  4  0  4  4  0  0  0  0 
8 | 0  0  0  0  0  4  0  0  0  0  0  4  4  0  0  4 
9 | 0  0  4  0  0  0  0  0  0  4  4  0  4  0  0  0 
A | 0  0  0  4  4  0  4  0  0  0  0  0  4  0  0  0 
B | 0  4  0  4  0  4  0  0  0  0  4  0  0  0  0  0 
C | 0  4  0  0  0  0  0  0  0  4  0  4  0  0  4  0 
D | 0  0  0  0  0  0  0  4  4  0  0  0  4  0  4  0 
E | 0  4  4  0  0  0  4  0  4  0  0  0  0  0  0  0 
F | 0  4  0  0  4  0  0  4  0  0  0  0  0  0  0  4 


Difference Distribution table for S-Box 5
Output Difference
    0  1  2  3  4  5  6  7  8  9  A  B  C  D  E  F
__________________________________________________
0 | 16 0  0  0  0  0  0  0  0  0  0  0  0  0  0  0 
1 | 0  0  0  0  0  2  0  2  0  0  0  0  2  8  2  0 
2 | 0  0  0  2  0  0  2  0  0  2  2  2  4  2  0  0 
3 | 0  4  0  2  2  0  2  2  2  0  0  0  0  0  2  0 
4 | 0  0  0  0  0  6  4  2  0  0  0  0  0  2  0  2 
5 | 0  2  2  0  0  0  0  0  6  0  4  2  0  0  0  0 
6 | 0  0  0  2  0  0  2  0  0  2  2  2  2  0  2  2 
7 | 0  2  2  2  2  0  2  2  0  0  0  2  0  0  2  0 
8 | 0  0  0  0  0  2  0  2  0  2  6  0  0  0  2  2 
9 | 0  0  4  0  2  0  0  6  2  0  0  2  0  0  0  0 
A | 0  2  0  4  2  0  4  0  0  2  0  0  2  0  0  0 
B | 0  2  0  0  2  0  0  0  0  2  0  4  0  2  2  2 
C | 0  0  0  0  0  0  0  0  4  2  2  0  2  0  0  6 
D | 0  2  6  0  2  2  0  0  0  0  0  0  0  2  0  2 
E | 0  2  0  4  2  4  0  0  0  2  0  0  2  0  0  0 
F | 0  0  2  0  2  0  0  0  2  2  0  2  2  0  4  0 


Difference Distribution table for S-Box 6
Output Difference
    0  1  2  3  4  5  6  7  8  9  A  B  C  D  E  F
__________________________________________________
0 | 16 0  0  0  0  0  0  0  0  0  0  0  0  0  0  0 
1 | 0  0  0  0  0  2  0  2  0  2  0  2  0  4  4  0 
2 | 0  0  0  2  0  0  2  0  0  2  2  2  2  0  2  2 
3 | 0  2  2  2  4  2  0  0  0  0  0  2  0  0  2  0 
4 | 0  0  0  2  0  2  2  2  0  0  2  0  2  0  2  2 
5 | 0  2  2  2  0  0  0  2  4  2  0  0  0  0  2  0 
6 | 0  0  0  4  0  2  2  0  0  2  2  0  0  4  0  0 
7 | 0  0  0  0  4  0  2  2  4  0  2  2  0  0  0  0 
8 | 0  0  0  4  0  2  0  2  0  2  0  2  4  0  0  0 
9 | 0  4  0  0  0  0  0  0  0  0  0  0  4  4  4  0 
A | 0  0  2  0  0  2  0  0  2  2  2  0  2  0  0  4 
B | 0  2  4  0  0  0  2  4  2  0  0  0  0  0  0  2 
C | 0  0  2  0  2  2  2  0  0  2  0  0  2  0  0  4 
D | 0  2  4  0  2  0  0  0  0  0  2  4  0  0  0  2 
E | 0  0  0  0  2  2  4  0  2  2  4  0  0  0  0  0 
F | 0  4  0  0  2  0  0  2  2  0  0  2  0  4  0  0 


Difference Distribution table for S-Box 7
Output Difference
    0  1  2  3  4  5  6  7  8  9  A  B  C  D  E  F
__________________________________________________
0 | 16 0  0  0  0  0  0  0  0  0  0  0  0  0  0  0 
1 | 0  0  0  0  0  2  0  2  0  0  0  0  2  0  2  8 
2 | 0  0  0  2  0  2  2  2  0  0  2  4  0  2  0  0 
3 | 0  0  2  0  4  2  0  0  2  2  2  0  2  0  0  0 
4 | 0  0  0  2  0  0  6  0  0  0  2  4  0  0  0  2 
5 | 0  2  0  0  4  0  2  0  2  4  0  0  0  0  0  2 
6 | 0  0  0  0  0  2  2  0  0  0  0  0  4  6  2  0 
7 | 0  2  6  4  0  0  0  0  0  2  2  0  0  0  0  0 
8 | 0  0  0  0  0  0  0  4  0  2  4  2  2  0  2  0 
9 | 0  0  0  0  0  6  0  2  4  2  0  2  0  0  0  0 
A | 0  4  2  0  0  0  0  2  0  2  0  0  2  4  0  0 
B | 0  0  4  2  0  0  2  0  2  0  0  0  0  2  4  0 
C | 0  6  0  0  2  0  0  0  0  0  2  0  4  0  0  2 
D | 0  0  0  6  2  0  0  0  2  0  0  0  0  0  4  2 
E | 0  2  2  0  2  0  2  4  0  0  2  2  0  0  0  0 
F | 0  0  0  0  2  2  0  0  4  2  0  2  0  2  2  0 


Difference Distribution table for S-Box 8
Output Difference
    0  1  2  3  4  5  6  7  8  9  A  B  C  D  E  F
__________________________________________________
0 | 16 0  0  0  0  0  0  0  0  0  0  0  0  0  0  0 
1 | 0  0  0  2  0  2  0  0  0  2  2  2  2  2  0  2 
2 | 0  0  0  0  0  2  2  4  0  4  0  0  0  2  2  0 
3 | 0  0  2  0  4  0  0  2  0  2  4  0  2  0  0  0 
4 | 0  0  0  2  0  2  0  0  0  4  0  2  0  2  0  4 
5 | 0  0  4  0  4  0  0  0  0  2  2  0  2  0  0  2 
6 | 0  0  0  2  0  0  6  0  0  0  0  2  0  0  6  0 
7 | 0  0  2  2  0  2  0  2  0  2  0  2  2  2  0  0 
8 | 0  0  0  2  0  0  2  4  0  0  2  4  0  0  0  2 
9 | 0  0  0  0  2  0  4  2  2  0  2  0  2  2  0  0 
A | 0  2  2  0  0  0  0  0  2  0  2  0  2  2  4  0 
B | 0  6  0  4  2  0  0  0  0  0  0  2  0  0  2  0 
C | 0  0  2  2  2  0  2  0  4  0  0  0  2  0  0  2 
D | 0  0  2  0  0  4  0  2  2  0  0  0  0  2  0  4 
E | 0  6  0  0  2  4  0  0  2  0  0  0  0  2  0  0 
F | 0  2  2  0  0  0  0  0  4  0  2  2  2  0  2  0 




Finding candidates for differential characteristics with alpha = 1 ...

S-Box 1: DeltaX = 6--> DeltaY = D  with probability 16/16
S-Box 2: DeltaX = 2--> DeltaY = 5  with probability 16/16
S-Box 4: DeltaX = 6--> DeltaY = D  with probability 16/16
